    Finished `release` profile [optimized + debuginfo] target(s) in 0.03s
     Running `target/release/bit`
NOT_CONSIDERED[bit] 25 selector(s)
NOT_CONSIDERED[bit] .css-13oovrh-5e6d46e3--ActionItemPlaceHolder
NOT_CONSIDERED[bit] .css-16mrsy8-5e6d46e3--DivOneColSkeletonCard
NOT_CONSIDERED[bit] .css-1dc0ofe-5e6d46e3--DivOneColSkeletonContainer
NOT_CONSIDERED[bit] .css-jbg155-5e6d46e3--SectionActionBarContainer
NOT_CONSIDERED[bit] .hiddenbody
NOT_CONSIDERED[bit] .sonner-loader
NOT_CONSIDERED[bit] .sonner-loading-bar
NOT_CONSIDERED[bit] .sonner-loading-wrapper
NOT_CONSIDERED[bit] .sonner-spinner
NOT_CONSIDERED[bit] blockquote
NOT_CONSIDERED[bit] body
NOT_CONSIDERED[bit] button
NOT_CONSIDERED[bit] dd
NOT_CONSIDERED[bit] dl
NOT_CONSIDERED[bit] figure
NOT_CONSIDERED[bit] h1
NOT_CONSIDERED[bit] h2
NOT_CONSIDERED[bit] h3
NOT_CONSIDERED[bit] h4
NOT_CONSIDERED[bit] img
NOT_CONSIDERED[bit] input
NOT_CONSIDERED[bit] p
NOT_CONSIDERED[bit] picture
NOT_CONSIDERED[bit] select
NOT_CONSIDERED[bit] textarea
PSEUDO_SKIPPED[bit] :where -> 56 selector(s)
PSEUDO_SKIPPED[bit]    eg :where([data-sonner-toast])
PSEUDO_SKIPPED[bit]    eg :where([data-sonner-toast]) :where([data-button]):first-of-type
PSEUDO_SKIPPED[bit]    eg :where([data-sonner-toast]) :where([data-button]):focus-visible
PSEUDO_SKIPPED[bit]    eg :where([data-sonner-toast]) :where([data-cancel])
PSEUDO_SKIPPED[bit]    eg :where([data-sonner-toast]) :where([data-close-button])
PSEUDO_SKIPPED[bit]    ...
PSEUDO_SKIPPED[bit] :nth-child -> 11 selector(s)
PSEUDO_SKIPPED[bit]    eg .sonner-loading-bar:nth-child(10)
PSEUDO_SKIPPED[bit]    eg .sonner-loading-bar:nth-child(11)
PSEUDO_SKIPPED[bit]    eg .sonner-loading-bar:nth-child(12)
PSEUDO_SKIPPED[bit]    eg .sonner-loading-bar:nth-child(2)
PSEUDO_SKIPPED[bit]    eg .sonner-loading-bar:nth-child(3)
PSEUDO_SKIPPED[bit]    ...
PSEUDO_SKIPPED[bit] :before -> 6 selector(s)
PSEUDO_SKIPPED[bit]    eg :before
PSEUDO_SKIPPED[bit]    eg :where([data-sonner-toast][data-removed="true"][data-front="false"]):before
PSEUDO_SKIPPED[bit]    eg :where([data-sonner-toast][data-swiping="false"][data-removed="true"]):before
PSEUDO_SKIPPED[bit]    eg :where([data-sonner-toast][data-swiping="true"]):before
PSEUDO_SKIPPED[bit]    eg :where([data-sonner-toast][data-y-position="bottom"][data-swiping="true"]):before
PSEUDO_SKIPPED[bit]    ...
PSEUDO_SKIPPED[bit] :active -> 3 selector(s)
PSEUDO_SKIPPED[bit]    eg body a:active
PSEUDO_SKIPPED[bit]    eg body a:where(.tw-only):active
PSEUDO_SKIPPED[bit]    eg body:where(.tw-only) a:active
PSEUDO_SKIPPED[bit] :visited -> 3 selector(s)
PSEUDO_SKIPPED[bit]    eg body a:visited
PSEUDO_SKIPPED[bit]    eg body a:where(.tw-only):visited
PSEUDO_SKIPPED[bit]    eg body:where(.tw-only) a:visited
PSEUDO_SKIPPED[bit] :after -> 2 selector(s)
PSEUDO_SKIPPED[bit]    eg :after
PSEUDO_SKIPPED[bit]    eg :where([data-sonner-toast]):after
PSEUDO_SKIPPED[bit] :focus-visible -> 2 selector(s)
PSEUDO_SKIPPED[bit]    eg :where([data-sonner-toast]) :where([data-button]):focus-visible
PSEUDO_SKIPPED[bit]    eg :where([data-sonner-toast]) :where([data-close-button]):focus-visible
PSEUDO_SKIPPED[bit] ::-ms-clear -> 1 selector(s)
PSEUDO_SKIPPED[bit]    eg body input::-ms-clear
PSEUDO_SKIPPED[bit] ::-ms-reveal -> 1 selector(s)
PSEUDO_SKIPPED[bit]    eg body input::-ms-reveal
PSEUDO_SKIPPED[bit] ::-webkit-scrollbar -> 1 selector(s)
PSEUDO_SKIPPED[bit]    eg html ::-webkit-scrollbar
PSEUDO_SKIPPED[bit] ::-webkit-scrollbar-thumb -> 1 selector(s)
PSEUDO_SKIPPED[bit]    eg html ::-webkit-scrollbar-thumb
PSEUDO_SKIPPED[bit] ::-webkit-scrollbar-track -> 1 selector(s)
PSEUDO_SKIPPED[bit]    eg html ::-webkit-scrollbar-track
PSEUDO_SKIPPED[bit] ::-webkit-search-cancel-button -> 1 selector(s)
PSEUDO_SKIPPED[bit]    eg body input::-webkit-search-cancel-button
PSEUDO_SKIPPED[bit] ::-webkit-search-decoration -> 1 selector(s)
PSEUDO_SKIPPED[bit]    eg body input::-webkit-search-decoration
PSEUDO_SKIPPED[bit] ::-webkit-search-results-button -> 1 selector(s)
PSEUDO_SKIPPED[bit]    eg body input::-webkit-search-results-button
PSEUDO_SKIPPED[bit] ::-webkit-search-results-decoration -> 1 selector(s)
PSEUDO_SKIPPED[bit]    eg body input::-webkit-search-results-decoration
PSEUDO_SKIPPED[bit] :first-child -> 1 selector(s)
PSEUDO_SKIPPED[bit]    eg .sonner-loading-bar:first-child
PSEUDO_SKIPPED[bit] :first-of-type -> 1 selector(s)
PSEUDO_SKIPPED[bit]    eg :where([data-sonner-toast]) :where([data-button]):first-of-type
PSEUDO_SKIPPED[bit] :not -> 1 selector(s)
PSEUDO_SKIPPED[bit]    eg a:not([class])
UNSUPPORTED[bit] 1 selector(s)
UNSUPPORTED[bit] [data-sonner-toast] [data-close-button]
BEGIN
* -> [4, 5, 6, 8, 10, 13, 17, 18, 20, 29, 32, 33, 36, 39, 40, 43, 45, 48, 52, 55, 56, 68, 71, 76, 81, 86, 91, 96, 101, 106, 111, 116, 121, 126, 131, 136, 141, 146, 151, 156, 161, 166, 171, 176, 181, 186, 191, 196, 201, 206, 211, 216, 221, 226, 231, 236, 241, 246, 251, 256, 261, 266, 271, 276, 281, 286, 291, 296, 301, 305, 306, 309, 312, 316, 321, 323, 324, 326, 327, 330, 332, 333, 335, 337, 338, 341, 343, 344, 346, 348, 350, 352, 354, 358, 361, 363, 367, 371, 375, 379, 383, 387, 391, 395, 399, 403, 407, 411, 415, 419, 423, 427, 431, 435, 439, 443, 447, 451, 455, 459, 463, 467, 471, 475, 479, 483, 487, 491, 495, 499, 503, 507, 511, 515, 519, 523, 527, 531, 535, 539, 543, 554, 564, 569, 608, 611, 614, 675, 679, 682, 686, 690, 696, 711, 715, 719, 722, 725, 728, 763, 768, 784, 788, 792, 796, 826, 827, 849, 853, 861, 862, 864, 866, 870, 872, 880, 882, 884, 886, 888, 890, 892, 895, 897, 909, 914, 919, 924, 929, 932, 934, 936, 939, 941, 945, 953, 956, 960, 964, 972, 973, 975, 979, 982, 984, 988, 990, 998, 1000, 1002, 1004, 1006, 1008, 1010, 1013, 1015, 1034, 1057, 1071, 1079, 1087, 1095, 1103, 1111, 1121, 1122, 1278, 1317, 1318, 1322, 1324, 1325, 1330, 1335, 1353, 1365, 1368, 1371, 1377, 1378, 1381, 1384, 1387, 1390, 1393, 1396, 1399, 1402, 1405, 1412, 1413, 1414, 1420, 1422, 1426, 1427, 1428, 1430, 1431, 1441, 1443, 1447, 1454, 1456, 1461, 1463, 1467, 1469, 1471, 1472, 1477, 1481, 1489, 1498, 1500, 1502, 1506, 1508, 1511, 1514, 1517, 1520, 1523, 1526, 1529, 1532, 1540, 1543, 1546, 1549, 1552, 1555, 1557, 1560, 1562, 1563, 1571, 1573, 1574, 1575, 1581, 1583, 1587, 1593, 1595, 1597, 1599, 1600, 1602, 1609, 1611, 1613, 1615, 1621, 1623, 1626, 1628, 1630, 1631, 1633, 1639, 1644, 1646, 1647, 1649, 1651, 1657, 1659, 1662, 1664, 1666, 1667, 1669, 1675, 1680, 1682, 1683, 1685, 1691, 1693, 1695, 1698, 1700, 1702, 1703, 1705, 1711, 1716, 1718, 1719, 1721, 1723, 1730, 1732, 1734, 1736, 1737, 1739, 1745, 1750, 1754, 1755, 1757, 1759, 1765, 1767, 1770, 1772, 1774, 1775, 1777, 1783, 1788, 1790, 1792, 1798, 1800, 1803, 1805, 1807, 1808, 1810, 1816, 1821, 1823, 1834, 1836, 1838, 1840, 1842, 1843, 1845, 1853, 1855, 1857, 1859, 1860, 1862, 1867, 1869, 1871, 1873, 1875, 1876, 1877, 1880, 1882, 1884, 1886, 1888, 1890, 1894, 1896, 1900, 1904, 1906, 1910, 1915, 1918, 1922, 1926, 1930, 1941, 1947, 2010, 2015, 2019, 2024, 2029, 2034, 2039, 2044, 2049, 2054, 2059, 2064, 2069, 2074, 2079, 2084, 2089, 2094, 2099, 2104, 2109, 2114, 2119, 2124, 2129, 2134, 2139, 2144, 2149, 2154, 2159, 2164, 2169, 2174, 2179, 2184, 2189, 2194, 2199, 2204, 2209, 2214, 2219, 2224, 2229, 2234, 2239, 2244, 2249, 2254, 2259, 2264, 2269, 2274, 2279, 2284, 2289, 2294, 2299, 2304, 2308, 2312, 2316, 2320, 2324, 2328, 2332, 2410, 2412, 2415, 2417, 2420, 2422, 2428, 2432, 2435, 2439, 2441, 2443, 2447, 2449, 2451, 2452, 2456, 2459, 2462, 2468, 2470, 2478, 2480, 2482, 2487, 2489, 2491, 2499, 2501, 2503, 2507, 2509, 2512, 2514, 2515, 2517, 2522, 2524, 2526, 2528, 2532, 2540, 2542, 2543, 2545, 2549, 2551, 2553, 2555, 2559, 2567, 2569, 2570, 2572, 2574, 2576, 2578, 2580, 2582, 2583, 2585, 2591, 2593, 2596, 2598, 2601, 2952, 2956, 2974, 2988, 2990, 2997, 2999, 3001, 3010, 3012, 3016, 3019, 3021, 3023, 3027, 3028, 3030, 3034, 3036, 3041, 3042, 3045, 3048, 3051, 3054, 3056, 3058, 3062, 3064, 3068, 3069, 3071, 3078, 3080, 3082, 3084, 3086, 3091, 3096, 3099, 3102, 3106, 3108, 3114, 3116, 3120, 3122, 3126, 3128, 3133, 3135, 3138, 3143, 3145, 3147, 3150, 3154, 3159, 3167, 3171, 3173, 3174, 3181, 3185, 3187, 3189, 3194, 3198, 3204, 3208, 3210, 3212, 3216, 3219, 3223, 3229, 3233, 3235, 3237, 3241, 3244, 3249, 3255, 3261, 3262, 3265, 3268, 3275, 3276, 3282, 3286, 3288, 3290, 3295, 3298, 3305, 3308, 3310, 3317, 3319, 3321, 3330, 3332, 3336, 3339, 3341, 3345, 3346, 3348, 3352, 3354, 3359, 3360, 3361, 3366, 3367, 3371, 3372, 3378, 3383, 3384, 3388, 3389, 3395, 3400, 3401, 3402, 3407, 3408, 3413, 3414, 3417, 3420, 3423, 3426, 3428, 3430, 3434, 3436, 3440, 3441, 3443, 3450, 3452, 3454, 3456, 3458, 3463, 3468, 3471, 3474, 3478, 3480, 3486, 3488, 3492, 3494, 3498, 3500, 3505, 3507, 3510, 3515, 3517, 3519, 3522, 3526, 3531, 3539, 3543, 3545, 3546, 3553, 3557, 3559, 3561, 3566, 3570, 3576, 3580, 3582, 3584, 3588, 3591, 3595, 3601, 3605, 3607, 3609, 3613, 3616, 3621, 3627, 3633, 3634, 3637, 3640, 3647, 3648, 3654, 3658, 3660, 3662, 3667, 3670, 3677, 3686, 3690, 3698, 3706, 3710, 3716, 3744, 3748, 3752, 3756, 3764, 3788, 3824, 3828, 3844, 3847, 3848, 3851, 3863, 3866, 3872, 3874, 3880, 3882, 3884, 3892, 3895, 3897, 3903, 3905, 3907, 3915, 3927, 3929, 3930, 3932, 3933, 3935, 3936, 3938, 3939, 3941, 3942, 3946, 3948, 3952, 3954, 3958, 3960, 3964, 3966, 3970, 3972, 3976, 3978, 4014, 4015, 4017, 4020, 4021, 4036, 4040, 4050, 4054, 4099, 4101, 4104, 4105, 4106, 4143, 4145, 4151, 4154, 4157, 4160, 4163, 4218, 4221, 4231, 4234, 4244, 4247, 4257, 4260, 4270, 4273, 4283, 4286, 4296, 4299, 4309, 4312, 4322, 4325, 4335, 4338, 4348, 4351, 4361, 4364, 4374, 4377, 4387, 4390, 4400, 4403, 4413, 4416, 4426, 4429, 4439, 4442, 4452, 4455, 4465, 4468, 4478, 4481, 4491, 4494, 4504, 4507, 4517, 4520, 4530, 4533, 4543, 4546, 4556, 4559, 4569, 4572, 4582, 4585, 4595, 4598, 4608, 4611, 4621, 4624, 4634, 4637, 4647, 4650, 4660, 4663, 4673, 4676, 4686, 4689, 4699, 4702, 4712, 4715, 4725, 4728, 4738, 4741, 4751, 4754, 4764, 4767, 4777, 4780, 4790, 4793, 4803, 4806, 4816, 4819, 4829, 4832, 4842, 4845, 4855, 4858, 4868, 4871, 4881, 4884, 4894, 4897, 4907, 4910, 4920, 4923, 4933, 4936, 4946, 4949, 4959, 4962, 4972, 4975, 4985, 4988, 4998, 5001, 5011, 5014, 5024, 5027, 5037, 5040, 5050, 5053, 5063, 5066, 5076, 5079, 5089, 5092, 5102, 5105, 5115, 5118, 5128, 5131, 5141, 5144, 5154, 5157, 5167, 5170, 5180, 5183, 5193, 5196, 5206, 5209, 5219, 5222, 5232, 5235, 5245, 5248, 5265, 5267, 5311, 5314, 5324, 5327, 5337, 5340, 5350, 5353, 5363, 5366, 5376, 5379, 5389, 5392, 5402, 5405, 5415, 5418, 5428, 5431, 5441, 5444, 5454, 5457, 5467, 5470, 5480, 5483, 5493, 5496, 5506, 5509, 5519, 5522, 5532, 5535, 5545, 5548, 5558, 5561, 5571, 5574, 5584, 5587, 5597, 5600, 5610, 5613, 5623, 5626, 5636, 5639, 5649, 5652, 5662, 5665, 5675, 5678, 5688, 5691, 5701, 5704, 5714, 5717, 5727, 5730, 5740, 5743, 5753, 5756, 5766, 5769, 5779, 5782, 5792, 5795, 5805, 5808, 5818, 5821, 5831, 5834, 5844, 5847, 5857, 5860, 5870, 5873, 5883, 5886, 5896, 5899, 5909, 5912, 5922, 5925, 5935, 5938, 5948, 5951, 5961, 5964, 5974, 5977, 5987, 5990, 6000, 6003, 6013, 6016, 6026, 6029, 6039, 6042, 6052, 6055, 6065, 6068, 6078, 6081, 6091, 6094, 6104, 6107, 6117, 6120, 6130, 6133, 6143, 6146, 6156, 6159, 6169, 6172, 6182, 6185, 6195, 6198, 6208, 6211, 6221, 6224, 6234, 6237, 6247, 6250, 6260, 6263, 6273, 6276, 6286, 6289, 6299, 6302, 6312, 6315, 6325, 6328, 6338, 6341, 6370, 6373, 6383, 6386, 6396, 6399, 6409, 6412, 6422, 6425, 6435, 6438, 6448, 6451, 6461, 6464, 6474, 6477, 6487, 6490, 6500, 6503, 6513, 6516, 6526, 6529, 6539, 6542, 6552, 6555, 6565, 6568, 6578, 6581, 6591, 6594, 6604, 6607, 6617, 6620, 6630, 6633, 6643, 6646, 6656, 6659, 6669, 6672, 6682, 6685, 6695, 6698, 6708, 6711, 6721, 6724, 6734, 6737, 6747, 6750, 6760, 6763, 6773, 6776, 6786, 6789, 6799, 6802, 6812, 6815, 6825, 6828, 6838, 6841, 6851, 6854, 6864, 6867, 6877, 6880, 6890, 6893, 6903, 6906, 6916, 6919, 6929, 6932, 6942, 6945, 6955, 6958, 6968, 6971, 6981, 6984, 6994, 6997, 7007, 7010, 7020, 7023, 7033, 7036, 7046, 7049, 7059, 7062, 7072, 7075, 7085, 7088, 7098, 7101, 7111, 7114, 7124, 7127, 7137, 7140, 7150, 7153, 7163, 7166, 7176, 7179, 7189, 7192, 7202, 7205, 7215, 7218, 7228, 7231, 7241, 7244, 7254, 7257, 7267, 7270, 7280, 7283, 7293, 7296, 7306, 7309, 7319, 7322, 7332, 7335, 7345, 7348, 7358, 7361, 7371, 7374, 7384, 7387, 7397, 7400, 7471, 7474, 7484, 7487, 7497, 7500, 7510, 7513, 7523, 7526, 7536, 7539, 7549, 7552, 7562, 7565, 7575, 7578, 7588, 7591, 7601, 7604, 7614, 7617, 7627, 7630, 7640, 7643, 7653, 7656, 7666, 7669, 7679, 7682, 7692, 7695, 7705, 7708, 7718, 7721, 7731, 7734, 7744, 7747, 7757, 7760, 7770, 7773, 7783, 7786, 7796, 7799, 7809, 7812, 7822, 7825, 7835, 7838, 7848, 7851, 7861, 7864, 7874, 7877, 7887, 7890, 7900, 7903, 7913, 7916, 7926, 7929, 7939, 7942, 7952, 7955, 7965, 7968, 7978, 7981, 7991, 7994, 8004, 8007, 8017, 8020, 8030, 8033, 8043, 8046, 8056, 8059, 8069, 8072, 8082, 8085, 8095, 8098, 8108, 8111, 8121, 8124, 8134, 8137, 8147, 8150, 8160, 8163, 8173, 8176, 8186, 8189, 8199, 8202, 8212, 8215, 8225, 8228, 8238, 8241, 8251, 8254, 8264, 8267, 8277, 8280, 8290, 8293, 8303, 8306, 8316, 8319, 8329, 8332, 8342, 8345, 8355, 8358, 8368, 8371, 8381, 8384, 8394, 8397, 8407, 8410, 8420, 8423, 8433, 8436, 8446, 8449, 8459, 8462, 8472, 8475, 8485, 8488, 8498, 8501]
[data-sonner-toaster][data-theme="dark"] [data-sonner-toast] [data-close-button]:hover -> [8, 10, 13, 17, 18, 20, 29, 32, 33, 36, 39, 40, 43, 45, 48, 52, 55, 56, 68, 71, 76, 81, 86, 91, 96, 101, 106, 111, 116, 121, 126, 131, 136, 141, 146, 151, 156, 161, 166, 171, 176, 181, 186, 191, 196, 201, 206, 211, 216, 221, 226, 231, 236, 241, 246, 251, 256, 261, 266, 271, 276, 281, 286, 291, 296, 301, 305, 306, 309, 312, 316, 321, 323, 324, 326, 327, 330, 332, 333, 335, 337, 338, 341, 343, 344, 346, 348, 350, 352, 354, 358, 361, 363, 367, 371, 375, 379, 383, 387, 391, 395, 399, 403, 407, 411, 415, 419, 423, 427, 431, 435, 439, 443, 447, 451, 455, 459, 463, 467, 471, 475, 479, 483, 487, 491, 495, 499, 503, 507, 511, 515, 519, 523, 527, 531, 535, 539, 543, 554, 564, 569, 608, 611, 614, 675, 679, 682, 686, 690, 696, 711, 715, 719, 722, 725, 728, 763, 768, 784, 788, 792, 796, 826, 827, 849, 853, 861, 862, 864, 866, 870, 872, 880, 882, 884, 886, 888, 890, 892, 895, 897, 909, 914, 919, 924, 929, 932, 934, 936, 939, 941, 945, 953, 956, 960, 964, 972, 973, 975, 979, 982, 984, 988, 990, 998, 1000, 1002, 1004, 1006, 1008, 1010, 1013, 1015, 1034, 1057, 1071, 1079, 1087, 1095, 1103, 1111, 1121, 1122, 1278, 1317, 1318, 1322, 1324, 1325, 1330, 1335, 1353, 1365, 1368, 1371, 1377, 1378, 1381, 1384, 1387, 1390, 1393, 1396, 1399, 1402, 1405, 1412, 1413, 1414, 1420, 1422, 1426, 1427, 1428, 1430, 1431, 1441, 1443, 1447, 1454, 1456, 1461, 1463, 1467, 1469, 1471, 1472, 1477, 1481, 1489, 1498, 1500, 1502, 1506, 1508, 1511, 1514, 1517, 1520, 1523, 1526, 1529, 1532, 1540, 1543, 1546, 1549, 1552, 1555, 1557, 1560, 1562, 1563, 1571, 1573, 1574, 1575, 1581, 1583, 1587, 1593, 1595, 1597, 1599, 1600, 1602, 1609, 1611, 1613, 1615, 1621, 1623, 1626, 1628, 1630, 1631, 1633, 1639, 1644, 1646, 1647, 1649, 1651, 1657, 1659, 1662, 1664, 1666, 1667, 1669, 1675, 1680, 1682, 1683, 1685, 1691, 1693, 1695, 1698, 1700, 1702, 1703, 1705, 1711, 1716, 1718, 1719, 1721, 1723, 1730, 1732, 1734, 1736, 1737, 1739, 1745, 1750, 1754, 1755, 1757, 1759, 1765, 1767, 1770, 1772, 1774, 1775, 1777, 1783, 1788, 1790, 1792, 1798, 1800, 1803, 1805, 1807, 1808, 1810, 1816, 1821, 1823, 1834, 1836, 1838, 1840, 1842, 1843, 1845, 1853, 1855, 1857, 1859, 1860, 1862, 1867, 1869, 1871, 1873, 1875, 1876, 1877, 1880, 1882, 1884, 1886, 1888, 1890, 1894, 1896, 1900, 1904, 1906, 1910, 1915, 1918, 1922, 1926, 1930, 1941, 1947, 2010, 2015, 2019, 2024, 2029, 2034, 2039, 2044, 2049, 2054, 2059, 2064, 2069, 2074, 2079, 2084, 2089, 2094, 2099, 2104, 2109, 2114, 2119, 2124, 2129, 2134, 2139, 2144, 2149, 2154, 2159, 2164, 2169, 2174, 2179, 2184, 2189, 2194, 2199, 2204, 2209, 2214, 2219, 2224, 2229, 2234, 2239, 2244, 2249, 2254, 2259, 2264, 2269, 2274, 2279, 2284, 2289, 2294, 2299, 2304, 2308, 2312, 2316, 2320, 2324, 2328, 2332, 2410, 2412, 2415, 2417, 2420, 2422, 2428, 2432, 2435, 2439, 2441, 2443, 2447, 2449, 2451, 2452, 2456, 2459, 2462, 2468, 2470, 2478, 2480, 2482, 2487, 2489, 2491, 2499, 2501, 2503, 2507, 2509, 2512, 2514, 2515, 2517, 2522, 2524, 2526, 2528, 2532, 2540, 2542, 2543, 2545, 2549, 2551, 2553, 2555, 2559, 2567, 2569, 2570, 2572, 2574, 2576, 2578, 2580, 2582, 2583, 2585, 2591, 2593, 2596, 2598, 2601, 2952, 2956, 2974, 2988, 2990, 2997, 2999, 3001, 3010, 3012, 3016, 3019, 3021, 3023, 3027, 3028, 3030, 3034, 3036, 3041, 3042, 3045, 3048, 3051, 3054, 3056, 3058, 3062, 3064, 3068, 3069, 3071, 3078, 3080, 3082, 3084, 3086, 3091, 3096, 3099, 3102, 3106, 3108, 3114, 3116, 3120, 3122, 3126, 3128, 3133, 3135, 3138, 3143, 3145, 3147, 3150, 3154, 3159, 3167, 3171, 3173, 3174, 3181, 3185, 3187, 3189, 3194, 3198, 3204, 3208, 3210, 3212, 3216, 3219, 3223, 3229, 3233, 3235, 3237, 3241, 3244, 3249, 3255, 3261, 3262, 3265, 3268, 3275, 3276, 3282, 3286, 3288, 3290, 3295, 3298, 3305, 3308, 3310, 3317, 3319, 3321, 3330, 3332, 3336, 3339, 3341, 3345, 3346, 3348, 3352, 3354, 3359, 3360, 3361, 3366, 3367, 3371, 3372, 3378, 3383, 3384, 3388, 3389, 3395, 3400, 3401, 3402, 3407, 3408, 3413, 3414, 3417, 3420, 3423, 3426, 3428, 3430, 3434, 3436, 3440, 3441, 3443, 3450, 3452, 3454, 3456, 3458, 3463, 3468, 3471, 3474, 3478, 3480, 3486, 3488, 3492, 3494, 3498, 3500, 3505, 3507, 3510, 3515, 3517, 3519, 3522, 3526, 3531, 3539, 3543, 3545, 3546, 3553, 3557, 3559, 3561, 3566, 3570, 3576, 3580, 3582, 3584, 3588, 3591, 3595, 3601, 3605, 3607, 3609, 3613, 3616, 3621, 3627, 3633, 3634, 3637, 3640, 3647, 3648, 3654, 3658, 3660, 3662, 3667, 3670, 3677, 3686, 3690, 3698, 3706, 3710, 3716, 3744, 3748, 3752, 3756, 3764, 3788, 3824, 3828, 3844, 3847, 3848, 3851, 3863, 3866, 3872, 3874, 3880, 3882, 3884, 3892, 3895, 3897, 3903, 3905, 3907, 3915, 3927, 3929, 3930, 3932, 3933, 3935, 3936, 3938, 3939, 3941, 3942, 3946, 3948, 3952, 3954, 3958, 3960, 3964, 3966, 3970, 3972, 3976, 3978, 4014, 4015, 4017, 4020, 4021, 4036, 4040, 4050, 4054, 4099, 4101, 4104, 4105, 4106, 4143, 4145, 4151, 4154, 4157, 4160, 4163, 4218, 4221, 4231, 4234, 4244, 4247, 4257, 4260, 4270, 4273, 4283, 4286, 4296, 4299, 4309, 4312, 4322, 4325, 4335, 4338, 4348, 4351, 4361, 4364, 4374, 4377, 4387, 4390, 4400, 4403, 4413, 4416, 4426, 4429, 4439, 4442, 4452, 4455, 4465, 4468, 4478, 4481, 4491, 4494, 4504, 4507, 4517, 4520, 4530, 4533, 4543, 4546, 4556, 4559, 4569, 4572, 4582, 4585, 4595, 4598, 4608, 4611, 4621, 4624, 4634, 4637, 4647, 4650, 4660, 4663, 4673, 4676, 4686, 4689, 4699, 4702, 4712, 4715, 4725, 4728, 4738, 4741, 4751, 4754, 4764, 4767, 4777, 4780, 4790, 4793, 4803, 4806, 4816, 4819, 4829, 4832, 4842, 4845, 4855, 4858, 4868, 4871, 4881, 4884, 4894, 4897, 4907, 4910, 4920, 4923, 4933, 4936, 4946, 4949, 4959, 4962, 4972, 4975, 4985, 4988, 4998, 5001, 5011, 5014, 5024, 5027, 5037, 5040, 5050, 5053, 5063, 5066, 5076, 5079, 5089, 5092, 5102, 5105, 5115, 5118, 5128, 5131, 5141, 5144, 5154, 5157, 5167, 5170, 5180, 5183, 5193, 5196, 5206, 5209, 5219, 5222, 5232, 5235, 5245, 5248, 5265, 5267, 5311, 5314, 5324, 5327, 5337, 5340, 5350, 5353, 5363, 5366, 5376, 5379, 5389, 5392, 5402, 5405, 5415, 5418, 5428, 5431, 5441, 5444, 5454, 5457, 5467, 5470, 5480, 5483, 5493, 5496, 5506, 5509, 5519, 5522, 5532, 5535, 5545, 5548, 5558, 5561, 5571, 5574, 5584, 5587, 5597, 5600, 5610, 5613, 5623, 5626, 5636, 5639, 5649, 5652, 5662, 5665, 5675, 5678, 5688, 5691, 5701, 5704, 5714, 5717, 5727, 5730, 5740, 5743, 5753, 5756, 5766, 5769, 5779, 5782, 5792, 5795, 5805, 5808, 5818, 5821, 5831, 5834, 5844, 5847, 5857, 5860, 5870, 5873, 5883, 5886, 5896, 5899, 5909, 5912, 5922, 5925, 5935, 5938, 5948, 5951, 5961, 5964, 5974, 5977, 5987, 5990, 6000, 6003, 6013, 6016, 6026, 6029, 6039, 6042, 6052, 6055, 6065, 6068, 6078, 6081, 6091, 6094, 6104, 6107, 6117, 6120, 6130, 6133, 6143, 6146, 6156, 6159, 6169, 6172, 6182, 6185, 6195, 6198, 6208, 6211, 6221, 6224, 6234, 6237, 6247, 6250, 6260, 6263, 6273, 6276, 6286, 6289, 6299, 6302, 6312, 6315, 6325, 6328, 6338, 6341, 6370, 6373, 6383, 6386, 6396, 6399, 6409, 6412, 6422, 6425, 6435, 6438, 6448, 6451, 6461, 6464, 6474, 6477, 6487, 6490, 6500, 6503, 6513, 6516, 6526, 6529, 6539, 6542, 6552, 6555, 6565, 6568, 6578, 6581, 6591, 6594, 6604, 6607, 6617, 6620, 6630, 6633, 6643, 6646, 6656, 6659, 6669, 6672, 6682, 6685, 6695, 6698, 6708, 6711, 6721, 6724, 6734, 6737, 6747, 6750, 6760, 6763, 6773, 6776, 6786, 6789, 6799, 6802, 6812, 6815, 6825, 6828, 6838, 6841, 6851, 6854, 6864, 6867, 6877, 6880, 6890, 6893, 6903, 6906, 6916, 6919, 6929, 6932, 6942, 6945, 6955, 6958, 6968, 6971, 6981, 6984, 6994, 6997, 7007, 7010, 7020, 7023, 7033, 7036, 7046, 7049, 7059, 7062, 7072, 7075, 7085, 7088, 7098, 7101, 7111, 7114, 7124, 7127, 7137, 7140, 7150, 7153, 7163, 7166, 7176, 7179, 7189, 7192, 7202, 7205, 7215, 7218, 7228, 7231, 7241, 7244, 7254, 7257, 7267, 7270, 7280, 7283, 7293, 7296, 7306, 7309, 7319, 7322, 7332, 7335, 7345, 7348, 7358, 7361, 7371, 7374, 7384, 7387, 7397, 7400, 7471, 7474, 7484, 7487, 7497, 7500, 7510, 7513, 7523, 7526, 7536, 7539, 7549, 7552, 7562, 7565, 7575, 7578, 7588, 7591, 7601, 7604, 7614, 7617, 7627, 7630, 7640, 7643, 7653, 7656, 7666, 7669, 7679, 7682, 7692, 7695, 7705, 7708, 7718, 7721, 7731, 7734, 7744, 7747, 7757, 7760, 7770, 7773, 7783, 7786, 7796, 7799, 7809, 7812, 7822, 7825, 7835, 7838, 7848, 7851, 7861, 7864, 7874, 7877, 7887, 7890, 7900, 7903, 7913, 7916, 7926, 7929, 7939, 7942, 7952, 7955, 7965, 7968, 7978, 7981, 7991, 7994, 8004, 8007, 8017, 8020, 8030, 8033, 8043, 8046, 8056, 8059, 8069, 8072, 8082, 8085, 8095, 8098, 8108, 8111, 8121, 8124, 8134, 8137, 8147, 8150, 8160, 8163, 8173, 8176, 8186, 8189, 8199, 8202, 8212, 8215, 8225, 8228, 8238, 8241, 8251, 8254, 8264, 8267, 8277, 8280, 8290, 8293, 8303, 8306, 8316, 8319, 8329, 8332, 8342, 8345, 8355, 8358, 8368, 8371, 8381, 8384, 8394, 8397, 8407, 8410, 8420, 8423, 8433, 8436, 8446, 8449, 8459, 8462, 8472, 8475, 8485, 8488, 8498, 8501]
[data-theme="light"] -> [6]
body a -> [1414, 1575, 1639, 1675, 1711, 1745, 1783, 1816, 3030, 3102, 3298, 3348, 3372, 3389, 3474, 3670]
body strong -> [1412, 1573, 3185, 3208, 3233, 3286, 3557, 3580, 3605, 3658]
html body -> [309]
END
[src/bit.rs:909:5] unsafe { MISS_CNT } = 2634
